L(R:106289642_1-DT0LV);(375946,4699520);(375965,4699518)
L(R:106289641_0-DM0);(375946,4699490);(375965,4699494)
L(R:DM0-DT0LV);(375946,4699520);(375946,4699520);(375946,4699520);(375946,4699505);(375946,4699490);(375946,4699490);(375946,4699490)
L(R:48_1-DM2);(375945,4699565);(375958,4699564)
L(R:DM2-DT0LV);(375946,4699520);(375946,4699520);(375946,4699520);(375946,4699535);(375945,4699550);(375945,4699565);(375945,4699565);(375945,4699565)
L(R:106289647_2-DM3);(376049,4699652);(376050,4699664)
L(R:548398908_7-DM3);(376049,4699652);(376051,4699627)
L(R:106693723_0-DM4);(376064,4699653);(376064,4699665)
L(R:DM3-DM4);(376049,4699652);(376049,4699652);(376049,4699652);(376064,4699653);(376064,4699653);(376064,4699653)
L(R:DM3-DT1LV);(376034,4699652);(376034,4699652);(376034,4699652);(376049,4699652);(376049,4699652);(376049,4699652)
L(R:542939242_3-DM5);(375989,4699651);(375988,4699663)
L(R:DM5-DT1LV);(376034,4699652);(376034,4699652);(376034,4699652);(376019,4699652);(376004,4699651);(375989,4699651);(375989,4699651);(375989,4699651)
L(R:548402417_4-DT3LV);(376127,4699603);(376115,4699604)
L(R:106297267_0-DM8);(376154,4699655);(376159,4699625)
L(R:DM8-DT3LV);(376127,4699603);(376127,4699603);(376127,4699603);(376127,4699618);(376126,4699633);(376126,4699648);(376139,4699655);(376154,4699655);(376154,4699655);(376154,4699655)
L(R:542938097_0-DM9);(376127,4699588);(376138,4699587)
L(R:37_3-DM11);(376127,4699573);(376115,4699576)
L(R:DM11-DM9);(376127,4699588);(376127,4699588);(376127,4699588);(376127,4699573);(376127,4699573);(376127,4699573)
L(R:DM9-DT3LV);(376127,4699603);(376127,4699603);(376127,4699603);(376127,4699588);(376127,4699588);(376127,4699588)
L(R:106693710_1-DT4LV);(376094,4699653);(376094,4699664)
L(R:548402418_13-DT4LV);(376094,4699653);(376092,4699645)
L(R:106693726_0-DM13);(376079,4699653);(376077,4699664)
L(R:DM13-DT4LV);(376094,4699653);(376094,4699653);(376094,4699653);(376079,4699653);(376079,4699653);(376079,4699653)
L(R:106693739_3-DM14);(376109,4699654);(376106,4699663)
L(R:DM14-DT4LV);(376094,4699653);(376094,4699653);(376094,4699653);(376109,4699654);(376109,4699654);(376109,4699654)
L(R:106693735_3-DT5LV);(376125,4699693);(376116,4699691)
L(R:549989601_0-DT5LV);(376125,4699693);(376135,4699694)
L(R:12_1-DT5LV);(376125,4699693);(376113,4699694)
L(R:12600000_24-DM18);(376125,4699678);(376135,4699675)
L(R:DM18-DT5LV);(376125,4699693);(376125,4699693);(376125,4699693);(376125,4699678);(376125,4699678);(376125,4699678)
L(R:71_3-DM20);(376124,4699738);(376112,4699737)
L(R:DM20-DT5LV);(376125,4699693);(376125,4699693);(376125,4699693);(376125,4699708);(376125,4699723);(376124,4699738);(376124,4699738);(376124,4699738)
L(R:56_3-DT6LV);(376200,4699555);(376198,4699543)
L(R:107_2-DT6LV);(376200,4699555);(376199,4699566)
L(R:1100000_3-DM21);(376185,4699555);(376188,4699581)
L(R:55_3-DM21);(376185,4699555);(376188,4699543)
L(R:DM21-DT6LV);(376200,4699555);(376200,4699555);(376200,4699555);(376185,4699555);(376185,4699555);(376185,4699555)
L(R:54_0-DM25);(376170,4699554);(376169,4699541)
L(R:118_0-DM25);(376170,4699554);(376167,4699568)
L(R:52_5-DM24);(376155,4699554);(376158,4699541)
L(R:51_1-DM23);(376140,4699554);(376142,4699543)
L(R:DM23-DM24);(376155,4699554);(376155,4699554);(376155,4699554);(376140,4699554);(376140,4699554);(376140,4699554)
L(R:DM24-DM25);(376170,4699554);(376170,4699554);(376170,4699554);(376155,4699554);(376155,4699554);(376155,4699554)
L(R:DM25-DT6LV);(376200,4699555);(376200,4699555);(376200,4699555);(376185,4699555);(376170,4699554);(376170,4699554);(376170,4699554)
L(R:61_3-DM30);(376215,4699555);(376214,4699543)
L(R:548398899_2-DM22);(376230,4699556);(376229,4699568)
L(R:59_0-DM22);(376230,4699556);(376227,4699542)
L(R:58_3-DM28);(376245,4699556);(376251,4699542)
L(R:65_1-DM28);(376245,4699556);(376243,4699569)
L(R:64_1-DM31);(376260,4699556);(376255,4699584)
L(R:DM28-DM31);(376245,4699556);(376245,4699556);(376245,4699556);(376260,4699556);(376260,4699556);(376260,4699556)
L(R:DM22-DM28);(376230,4699556);(376230,4699556);(376230,4699556);(376245,4699556);(376245,4699556);(376245,4699556)
L(R:DM22-DM30);(376215,4699555);(376215,4699555);(376215,4699555);(376230,4699556);(376230,4699556);(376230,4699556)
L(R:DM30-DT6LV);(376200,4699555);(376200,4699555);(376200,4699555);(376215,4699555);(376215,4699555);(376215,4699555)
L(R:535644227_7-DT7LV);(376214,4699656);(376221,4699638)
L(R:549989606_8-DT7LV);(376214,4699656);(376212,4699667)
L(R:24_3-DT8LV);(376217,4699455);(376214,4699468)
L(R:540123657_1-DM37);(376232,4699455);(376239,4699467)
L(R:25_2-DM37);(376232,4699455);(376227,4699469)
L(R:28_1-DM43);(376262,4699456);(376261,4699468)
L(R:27_1-DM42);(376277,4699456);(376275,4699468)
L(R:DM42-DM43);(376262,4699456);(376262,4699456);(376262,4699456);(376277,4699456);(376277,4699456);(376277,4699456)
L(R:DM37-DM43);(376232,4699455);(376232,4699455);(376232,4699455);(376247,4699455);(376262,4699456);(376262,4699456);(376262,4699456)
L(R:DM37-DT8LV);(376217,4699455);(376217,4699455);(376217,4699455);(376232,4699455);(376232,4699455);(376232,4699455)
L(R:22_2-DM39);(376202,4699454);(376201,4699468)
L(R:21_2-DM38);(376187,4699454);(376188,4699467)
L(R:112_2-DM44);(376172,4699454);(376171,4699466)
L(R:DM38-DM44);(376187,4699454);(376187,4699454);(376187,4699454);(376172,4699454);(376172,4699454);(376172,4699454)
L(R:DM38-DM39);(376202,4699454);(376202,4699454);(376202,4699454);(376187,4699454);(376187,4699454);(376187,4699454)
L(R:DM39-DT8LV);(376217,4699455);(376217,4699455);(376217,4699455);(376202,4699454);(376202,4699454);(376202,4699454)
L(R:542938089_9-DM45);(376231,4699752);(376235,4699742)
L(R:DM45-DT9LV);(376201,4699752);(376201,4699752);(376201,4699752);(376216,4699752);(376231,4699752);(376231,4699752);(376231,4699752)
L(R:549934805_2-DM46);(376171,4699751);(376174,4699742)
L(R:DM46-DT9LV);(376201,4699752);(376201,4699752);(376201,4699752);(376171,4699751);(376171,4699751);(376171,4699751)
L(R:542938090_0-DM47);(376261,4699753);(376259,4699741)
L(R:549934795_1-DM48);(376246,4699753);(376247,4699740)
L(R:DM47-DM48);(376261,4699753);(376261,4699753);(376261,4699753);(376246,4699753);(376246,4699753);(376246,4699753)
L(R:DM47-DT10LV);(376276,4699754);(376276,4699754);(376276,4699754);(376261,4699753);(376261,4699753);(376261,4699753)
L(R:46_5-DM50);(376307,4699711);(376295,4699713)
L(R:79_7-DM50);(376307,4699711);(376297,4699706)
L(R:549989599_4-DM49);(376306,4699726);(376287,4699727)
L(R:DM49-DM50);(376307,4699711);(376307,4699711);(376307,4699711);(376306,4699726);(376306,4699726);(376306,4699726)
L(R:DM50-DT10LV);(376276,4699754);(376276,4699754);(376276,4699754);(376291,4699754);(376307,4699711);(376307,4699711);(376307,4699711)
L(R:542938094_3-DT11LV);(376274,4699658);(376277,4699646)
L(R:549934791_2-DT11LV);(376274,4699658);(376271,4699671)
L(R:542938095_7-DM53);(376259,4699657);(376260,4699647)
L(R:548402827_3-DM53);(376259,4699657);(376256,4699671)
L(R:542938096_7-DM54);(376244,4699657);(376245,4699646)
L(R:548402829_3-DM54);(376244,4699657);(376245,4699671)
L(R:DM53-DM54);(376259,4699657);(376259,4699657);(376259,4699657);(376244,4699657);(376244,4699657);(376244,4699657)
L(R:DM53-DT11LV);(376274,4699658);(376274,4699658);(376274,4699658);(376259,4699657);(376259,4699657);(376259,4699657)
L(R:548357126_0-DM55);(376289,4699658);(376287,4699646)
L(R:31_2-DM59);(376308,4699621);(376296,4699618)
L(R:62_3-DM60);(376309,4699606);(376296,4699604)
L(R:119_2-DM62);(376309,4699591);(376297,4699590)
L(R:68_3-DM61);(376309,4699576);(376298,4699578)
L(R:DM61-DM62);(376309,4699591);(376309,4699591);(376309,4699591);(376309,4699576);(376309,4699576);(376309,4699576)
L(R:DM60-DM62);(376309,4699606);(376309,4699606);(376309,4699606);(376309,4699591);(376309,4699591);(376309,4699591)
L(R:DM59-DM60);(376308,4699621);(376308,4699621);(376308,4699621);(376309,4699606);(376309,4699606);(376309,4699606)
L(R:DM55-DM59);(376289,4699658);(376289,4699658);(376289,4699658);(376304,4699658);(376308,4699651);(376308,4699636);(376308,4699621);(376308,4699621);(376308,4699621)
L(R:DM55-DT11LV);(376274,4699658);(376274,4699658);(376274,4699658);(376289,4699658);(376289,4699658);(376289,4699658)
L(R:87_3-DT12LV);(376065,4699552);(376067,4699541)
L(R:127_2-DT12LV);(376065,4699552);(376067,4699564)
L(R:542938099_2-DM63);(376035,4699551);(376037,4699563)
L(R:40_3-DM63);(376035,4699551);(376035,4699539)
L(R:129_0-DM63);(376035,4699551);(376037,4699524)
L(R:88_0-DM67);(376050,4699552);(376049,4699539)
L(R:DM63-DM67);(376035,4699551);(376035,4699551);(376035,4699551);(376050,4699552);(376050,4699552);(376050,4699552)
L(R:106_1-DM72);(376020,4699551);(376016,4699563)
L(R:39_0-DM64);(376005,4699551);(376007,4699538)
L(R:DM64-DM72);(376020,4699551);(376020,4699551);(376020,4699551);(376005,4699551);(376005,4699551);(376005,4699551)
L(R:DM63-DM72);(376035,4699551);(376035,4699551);(376035,4699551);(376020,4699551);(376020,4699551);(376020,4699551)
L(R:DM63-DT12LV);(376065,4699552);(376065,4699552);(376065,4699552);(376050,4699552);(376035,4699551);(376035,4699551);(376035,4699551)
L(R:89_5-DM68);(376080,4699552);(376083,4699539)
L(R:103_3-DM69);(376095,4699553);(376096,4699540)
L(R:105_0-DM69);(376095,4699553);(376097,4699535)
L(R:104_7-DM70);(376110,4699553);(376108,4699541)
L(R:DM69-DM70);(376095,4699553);(376095,4699553);(376095,4699553);(376110,4699553);(376110,4699553);(376110,4699553)
L(R:DM68-DM69);(376080,4699552);(376080,4699552);(376080,4699552);(376095,4699553);(376095,4699553);(376095,4699553)
L(R:DM68-DT12LV);(376065,4699552);(376065,4699552);(376065,4699552);(376080,4699552);(376080,4699552);(376080,4699552)
L(R:542938103_6-DM75);(376019,4699652);(376014,4699639)
L(R:12200000_1-DM75);(376019,4699652);(376024,4699666)
L(R:DM75-DT13LV);(376004,4699651);(376004,4699651);(376004,4699651);(376019,4699652);(376019,4699652);(376019,4699652)
L(R:548398917_2-DM76);(375944,4699670);(375966,4699675)
L(R:DM76-DT13LV);(376004,4699651);(376004,4699651);(376004,4699651);(375989,4699651);(375974,4699651);(375959,4699650);(375944,4699650);(375944,4699655);(375944,4699670);(375944,4699670);(375944,4699670)
L(R:542938109_0-DM79);(375959,4699650);(375955,4699641)
L(R:DM79-DT15LV);(375943,4699685);(375943,4699685);(375943,4699685);(375944,4699670);(375944,4699655);(375944,4699650);(375959,4699650);(375959,4699650);(375959,4699650)
L(R:12400000_0-DM80);(375943,4699730);(375953,4699730)
L(R:DM80-DT15LV);(375943,4699685);(375943,4699685);(375943,4699685);(375943,4699700);(375943,4699715);(375943,4699730);(375943,4699730);(375943,4699730)
L(R:549989596_15-DT16LV);(375991,4699746);(375994,4699732)
L(R:542939243_11-DM81);(376006,4699747);(376011,4699734)
L(R:DM81-DT16LV);(375991,4699746);(375991,4699746);(375991,4699746);(376006,4699747);(376006,4699747);(376006,4699747)
L(R:12300000_5-DM83);(375976,4699746);(375976,4699732)
L(R:DM83-DT16LV);(375991,4699746);(375991,4699746);(375991,4699746);(375976,4699746);(375976,4699746);(375976,4699746)
L(R:548398924_1-DM84);(376051,4699748);(376051,4699734)
L(R:548398925_0-DM85);(376036,4699748);(376034,4699735)
L(R:DM84-DM85);(376051,4699748);(376051,4699748);(376051,4699748);(376036,4699748);(376036,4699748);(376036,4699748)
L(R:DM84-DT17LV);(376066,4699748);(376066,4699748);(376066,4699748);(376051,4699748);(376051,4699748);(376051,4699748)
L(R:73_0-DM87);(376081,4699749);(376081,4699736)
L(R:72_0-DM86);(376096,4699749);(376094,4699737)
L(R:DM86-DM87);(376081,4699749);(376081,4699749);(376081,4699749);(376096,4699749);(376096,4699749);(376096,4699749)
L(R:DM87-DT17LV);(376066,4699748);(376066,4699748);(376066,4699748);(376081,4699749);(376081,4699749);(376081,4699749)
L(R:548402826_2-DT18LV);(376289,4699658);(376285,4699671)
L(R:84_4-DT19LV);(376052,4699452);(376049,4699465)
L(R:11600000_0-DM89);(376022,4699451);(376021,4699465)
L(R:117_1-DM96);(376007,4699451);(376006,4699464)
L(R:83_2-DM90);(375992,4699450);(375994,4699463)
L(R:DM90-DM96);(376007,4699451);(376007,4699451);(376007,4699451);(375992,4699450);(375992,4699450);(375992,4699450)
L(R:DM89-DM96);(376022,4699451);(376022,4699451);(376022,4699451);(376007,4699451);(376007,4699451);(376007,4699451)
L(R:DM89-DT19LV);(376052,4699452);(376052,4699452);(376052,4699452);(376037,4699451);(376022,4699451);(376022,4699451);(376022,4699451)
L(R:108_4-DM92);(376082,4699452);(376079,4699463)
L(R:110_0-DM93);(376097,4699452);(376099,4699464)
L(R:114_1-DM94);(376112,4699453);(376109,4699465)
L(R:DM93-DM94);(376097,4699452);(376097,4699452);(376097,4699452);(376112,4699453);(376112,4699453);(376112,4699453)
L(R:DM92-DM93);(376082,4699452);(376082,4699452);(376082,4699452);(376097,4699452);(376097,4699452);(376097,4699452)
L(R:DM92-DT19LV);(376052,4699452);(376052,4699452);(376052,4699452);(376067,4699452);(376082,4699452);(376082,4699452);(376082,4699452)
L(R:115_1-DM95);(376067,4699452);(376067,4699466)
L(R:DM95-DT19LV);(376052,4699452);(376052,4699452);(376052,4699452);(376067,4699452);(376067,4699452);(376067,4699452)
L(R:12700000_2-DT21LV);(376169,4699655);(376173,4699674)
L(R:16_4-DT22LV);(376310,4699516);(376300,4699514)
L(R:18_2-DT22LV);(376310,4699516);(376297,4699518)
L(R:15_3-DM100);(376310,4699501);(376299,4699500)
L(R:14_2-DM99);(376311,4699471);(376299,4699470)
L(R:DM100-DM99);(376310,4699501);(376310,4699501);(376310,4699501);(376311,4699486);(376311,4699471);(376311,4699471);(376311,4699471)
L(R:DM100-DT22LV);(376310,4699516);(376310,4699516);(376310,4699516);(376310,4699501);(376310,4699501);(376310,4699501)
L(R:17_0-DM102);(376290,4699557);(376288,4699545)
L(R:20_5-DM104);(376275,4699557);(376278,4699546)
L(R:DM102-DM104);(376290,4699557);(376290,4699557);(376290,4699557);(376275,4699557);(376275,4699557);(376275,4699557)
L(R:DM102-DT22LV);(376310,4699516);(376310,4699516);(376310,4699516);(376310,4699531);(376310,4699546);(376305,4699558);(376290,4699557);(376290,4699557);(376290,4699557)
L(R:47_2-DT23LV);(375975,4699550);(375976,4699564)
L(R:49_0-DT24LV);(376129,4699498);(376141,4699499)
L(R:86_2-DT24LV);(376129,4699498);(376116,4699498)
L(R:50_3-DM107);(376129,4699483);(376142,4699485)
L(R:DM107-DT24LV);(376129,4699498);(376129,4699498);(376129,4699498);(376129,4699483);(376129,4699483);(376129,4699483)
L(R:96_0-DM109);(376129,4699513);(376141,4699515)
L(R:98_2-DM109);(376129,4699513);(376116,4699517)
L(R:DM109-DT24LV);(376129,4699498);(376129,4699498);(376129,4699498);(376129,4699513);(376129,4699513);(376129,4699513)
L(R:DT10-DT9);(376201,4699752);(376201,4699752);(376201,4699752);(376216,4699752);(376291,4699754);(376276,4699754);(376276,4699754);(376276,4699754)
L(R:DT5-DT9);(376125,4699693);(376125,4699693);(376125,4699693);(376125,4699708);(376125,4699723);(376124,4699738);(376126,4699750);(376186,4699751);(376201,4699752);(376201,4699752);(376201,4699752)
L(R:DT16-DT17);(376066,4699748);(376066,4699748);(376066,4699748);(375976,4699746);(375991,4699746);(375991,4699746);(375991,4699746)
L(R:DT17-DT5);(376125,4699693);(376125,4699693);(376125,4699693);(376125,4699708);(376081,4699749);(376066,4699748);(376066,4699748);(376066,4699748)
L(R:DT4-DT5);(376094,4699653);(376094,4699653);(376094,4699653);(376109,4699654);(376124,4699654);(376126,4699663);(376125,4699678);(376125,4699693);(376125,4699693);(376125,4699693)
L(R:DT2-DT4);(376064,4699653);(376064,4699653);(376064,4699653);(376079,4699653);(376094,4699653);(376094,4699653);(376094,4699653)
L(R:DT14-DT15);(375945,4699580);(375945,4699580);(375945,4699580);(375945,4699595);(375944,4699610);(375944,4699625);(375944,4699640);(375944,4699650);(375944,4699655);(375944,4699670);(375943,4699685);(375943,4699685);(375943,4699685)
L(R:DT11-DT18);(376274,4699658);(376274,4699658);(376274,4699658);(376289,4699658);(376289,4699658);(376289,4699658)
L(R:DT11-DT7);(376214,4699656);(376214,4699656);(376214,4699656);(376229,4699657);(376244,4699657);(376259,4699657);(376274,4699658);(376274,4699658);(376274,4699658)
L(R:DT22-DT8);(376217,4699455);(376217,4699455);(376217,4699455);(376232,4699455);(376247,4699455);(376262,4699456);(376277,4699456);(376292,4699456);(376307,4699457);(376311,4699457);(376311,4699471);(376311,4699486);(376310,4699501);(376310,4699516);(376310,4699516);(376310,4699516)
L(R:DT19-DT8);(376052,4699452);(376052,4699452);(376052,4699452);(376067,4699452);(376082,4699452);(376097,4699452);(376112,4699453);(376127,4699453);(376142,4699453);(376157,4699454);(376172,4699454);(376187,4699454);(376202,4699454);(376217,4699455);(376217,4699455);(376217,4699455)
L(R:DT24-DT6);(376129,4699498);(376129,4699498);(376129,4699498);(376129,4699513);(376128,4699528);(376128,4699543);(376140,4699554);(376155,4699554);(376170,4699554);(376185,4699555);(376200,4699555);(376200,4699555);(376200,4699555)
L(R:DT19-DT24);(376052,4699452);(376052,4699452);(376052,4699452);(376067,4699452);(376082,4699452);(376097,4699452);(376112,4699453);(376127,4699453);(376129,4699468);(376129,4699483);(376129,4699498);(376129,4699498);(376129,4699498)
L(R:12900000_2-DT14LV);(375945,4699580);(375976,4699584)
L(R:106297261_3-DT2LV);(376064,4699653);(376064,4699665)
L(R:DT1-DT2);(376034,4699652);(376034,4699652);(376034,4699652);(376049,4699652);(376064,4699653);(376064,4699653);(376064,4699653)
L(R:DT1-DT13);(376004,4699651);(376004,4699651);(376004,4699651);(376019,4699652);(376034,4699652);(376034,4699652);(376034,4699652)
L(R:DT13-DT14);(375945,4699580);(375945,4699580);(375945,4699580);(375945,4699595);(375944,4699610);(375944,4699625);(375944,4699640);(375944,4699650);(375959,4699650);(375974,4699651);(375989,4699651);(376004,4699651);(376004,4699651);(376004,4699651)
L(R:DT0-DT14);(375946,4699520);(375946,4699520);(375946,4699520);(375946,4699535);(375945,4699550);(375945,4699565);(375945,4699580);(375945,4699580);(375945,4699580)
L(R:12100000_4-DT20LV);(376214,4699656);(376211,4699667)
L(R:DT20-DT7);(376214,4699656);(376214,4699656)
L(R:DT21-DT7);(376169,4699655);(376169,4699655);(376169,4699655);(376184,4699656);(376199,4699656);(376214,4699656);(376214,4699656);(376214,4699656)
L(R:DT21-DT3);(376127,4699603);(376127,4699603);(376127,4699603);(376127,4699618);(376126,4699633);(376126,4699648);(376139,4699655);(376154,4699655);(376169,4699655);(376169,4699655);(376169,4699655)
L(R:DT12-DT3);(376065,4699552);(376065,4699552);(376065,4699552);(376080,4699552);(376095,4699553);(376110,4699553);(376125,4699553);(376128,4699558);(376127,4699573);(376127,4699588);(376127,4699603);(376127,4699603);(376127,4699603)
L(R:DT12-DT23);(375975,4699550);(375975,4699550);(375975,4699550);(375990,4699550);(376005,4699551);(376020,4699551);(376035,4699551);(376050,4699552);(376065,4699552);(376065,4699552);(376065,4699552)
L(R:DT0-DT23);(375946,4699520);(375946,4699520);(375946,4699520);(375946,4699535);(375960,4699549);(375975,4699550);(375975,4699550);(375975,4699550)
L(R:DT0-sub_6271173a-9d78-4b65-96e8-a680e4caea0e_12.47);(375918,4699532);(375918,4699531);(375918,4699531);(375947,4699449);(375947,4699460);(375947,4699475);(375946,4699490);(375946,4699505);(375946,4699520);(375946,4699520);(375946,4699520)
L(R:DT19-sub_6271173a-9d78-4b65-96e8-a680e4caea0e_12.47);(375918,4699532);(375918,4699531);(375918,4699531);(375947,4699449);(375962,4699450);(375977,4699450);(375992,4699450);(376007,4699451);(376022,4699451);(376037,4699451);(376052,4699452);(376052,4699452);(376052,4699452)
L(R:DT2-DT3);(376064,4699653);(376064,4699653);(376064,4699653);(376079,4699653);(376094,4699653);(376109,4699654);(376124,4699654);(376126,4699648);(376126,4699633);(376127,4699618);(376127,4699603);(376127,4699603);(376127,4699603)
