L(R:106297267_0-DT3LV);(376154,4699655);(376159,4699625)
L(R:1100000_3-DT5LV);(376185,4699555);(376188,4699581)
L(R:542938094_3-DT9LV);(376274,4699658);(376277,4699646)
L(R:542938095_7-DT10LV);(376259,4699657);(376260,4699647)
L(R:548398917_2-DT19LV);(375944,4699670);(375966,4699675)
L(R:548402417_4-DT21LV);(376127,4699603);(376115,4699604)
L(R:548402827_3-DT22LV);(376259,4699657);(376256,4699671)
L(R:548402829_3-DT23LV);(376244,4699657);(376245,4699671)
L(R:549934793_0-DT24LV);(376231,4699752);(376235,4699742)
L(R:549989599_4-DT27LV);(376306,4699726);(376287,4699727)
L(R:11600000_0-DT28LV);(376022,4699451);(376021,4699465)
L(R:12700000_2-DT29LV);(376169,4699655);(376173,4699674)
L(R:12300000_5-DT30LV);(375976,4699746);(375976,4699732)
L(R:12_1-DT32LV);(376125,4699693);(376113,4699694)
L(R:14_2-DM49);(376311,4699471);(376299,4699470)
L(R:DM49-DT33LV);(376292,4699456);(376292,4699456);(376292,4699456);(376307,4699457);(376311,4699457);(376311,4699471);(376311,4699471);(376311,4699471)
L(R:27_1-DM50);(376277,4699456);(376275,4699468)
L(R:DM50-DT33LV);(376292,4699456);(376292,4699456);(376292,4699456);(376277,4699456);(376277,4699456);(376277,4699456)
L(R:15_3-DT34LV);(376310,4699501);(376299,4699500)
L(R:16_4-DT35LV);(376310,4699516);(376300,4699514)
L(R:18_2-DT35LV);(376310,4699516);(376297,4699518)
L(R:20_5-DT36LV);(376275,4699557);(376278,4699546)
L(R:21_2-DT37LV);(376187,4699454);(376188,4699467)
L(R:22_2-DT38LV);(376202,4699454);(376201,4699468)
L(R:24_3-DT39LV);(376217,4699455);(376214,4699468)
L(R:25_2-DT40LV);(376232,4699455);(376227,4699469)
L(R:28_1-DT41LV);(376262,4699456);(376261,4699468)
L(R:32_3-DT42LV);(376289,4699658);(376287,4699646)
L(R:37_3-DT43LV);(376127,4699573);(376115,4699576)
L(R:39_0-DM62);(376005,4699551);(376007,4699538)
L(R:DM62-DT44LV);(376020,4699551);(376020,4699551);(376020,4699551);(376005,4699551);(376005,4699551);(376005,4699551)
L(R:40_3-DM63);(376035,4699551);(376035,4699539)
L(R:DM63-DT44LV);(376020,4699551);(376020,4699551);(376020,4699551);(376035,4699551);(376035,4699551);(376035,4699551)
L(R:46_5-DT45LV);(376307,4699711);(376295,4699713)
L(R:47_2-DT46LV);(375975,4699550);(375976,4699564)
L(R:48_1-DT47LV);(375945,4699565);(375958,4699564)
L(R:49_0-DT48LV);(376129,4699498);(376141,4699499)
L(R:86_2-DT48LV);(376129,4699498);(376116,4699498)
L(R:50_3-DT49LV);(376129,4699483);(376142,4699485)
L(R:51_1-DM70);(376140,4699554);(376142,4699543)
L(R:DM70-DT50LV);(376155,4699554);(376155,4699554);(376155,4699554);(376140,4699554);(376140,4699554);(376140,4699554)
L(R:54_0-DM71);(376170,4699554);(376169,4699541)
L(R:DM71-DT50LV);(376155,4699554);(376155,4699554);(376155,4699554);(376170,4699554);(376170,4699554);(376170,4699554)
L(R:52_5-DT51LV);(376155,4699554);(376158,4699541)
L(R:55_3-DT52LV);(376185,4699555);(376188,4699543)
L(R:56_3-DT53LV);(376200,4699555);(376198,4699543)
L(R:58_3-DT54LV);(376245,4699556);(376251,4699542)
L(R:59_0-DT55LV);(376230,4699556);(376227,4699542)
L(R:61_3-DT56LV);(376215,4699555);(376214,4699543)
L(R:62_3-DT57LV);(376309,4699606);(376296,4699604)
L(R:64_1-DT58LV);(376260,4699556);(376255,4699584)
L(R:65_1-DT59LV);(376245,4699556);(376243,4699569)
L(R:68_3-DT60LV);(376309,4699576);(376298,4699578)
L(R:71_3-DT61LV);(376124,4699738);(376112,4699737)
L(R:72_0-DT62LV);(376096,4699749);(376094,4699737)
L(R:73_0-DT63LV);(376081,4699749);(376081,4699736)
L(R:79_7-DT64LV);(376307,4699711);(376297,4699706)
L(R:117_1-DT65LV);(376007,4699451);(376006,4699464)
L(R:83_2-DM86);(375992,4699450);(375994,4699463)
L(R:DM86-DT65LV);(376007,4699451);(376007,4699451);(376007,4699451);(375992,4699450);(375992,4699450);(375992,4699450)
L(R:84_4-DT66LV);(376052,4699452);(376049,4699465)
L(R:87_3-DT67LV);(376065,4699552);(376067,4699541)
L(R:88_0-DT68LV);(376050,4699552);(376049,4699539)
L(R:103_3-DT69LV);(376095,4699553);(376096,4699540)
L(R:105_0-DT69LV);(376095,4699553);(376097,4699535)
L(R:89_5-DM91);(376080,4699552);(376083,4699539)
L(R:DM91-DT69LV);(376095,4699553);(376095,4699553);(376095,4699553);(376080,4699552);(376080,4699552);(376080,4699552)
L(R:98_2-DT70LV);(376129,4699513);(376116,4699517)
L(R:104_7-DT71LV);(376110,4699553);(376108,4699541)
L(R:106_1-DT72LV);(376020,4699551);(376016,4699563)
L(R:107_2-DT73LV);(376200,4699555);(376199,4699566)
L(R:108_4-DT74LV);(376082,4699452);(376079,4699463)
L(R:110_0-DT75LV);(376097,4699452);(376099,4699464)
L(R:114_1-DM100);(376112,4699453);(376109,4699465)
L(R:DM100-DT75LV);(376097,4699452);(376097,4699452);(376097,4699452);(376112,4699453);(376112,4699453);(376112,4699453)
L(R:112_2-DT76LV);(376172,4699454);(376171,4699466)
L(R:115_1-DT77LV);(376067,4699452);(376067,4699466)
L(R:118_0-DT78LV);(376170,4699554);(376167,4699568)
L(R:119_2-DT79LV);(376309,4699591);(376297,4699590)
L(R:127_2-DT80LV);(376065,4699552);(376067,4699564)
L(R:129_0-DT81LV);(376035,4699551);(376037,4699524)
L(R:DT18-DT42);(376289,4699658);(376289,4699658)
L(R:DT27-DT45);(376307,4699711);(376307,4699711);(376307,4699711);(376306,4699726);(376306,4699726);(376306,4699726)
L(R:DT45-DT64);(376307,4699711);(376307,4699711)
L(R:DT10-DT22);(376259,4699657);(376259,4699657)
L(R:DT24-DT25);(376171,4699751);(376171,4699751);(376171,4699751);(376201,4699752);(376216,4699752);(376231,4699752);(376231,4699752);(376231,4699752)
L(R:DT26-DT30);(375991,4699746);(375991,4699746);(375991,4699746);(375976,4699746);(375976,4699746);(375976,4699746)
L(R:DT50-DT51);(376155,4699554);(376155,4699554)
L(R:DT5-DT52);(376185,4699555);(376185,4699555)
L(R:DT54-DT59);(376245,4699556);(376245,4699556)
L(R:DT53-DT73);(376200,4699555);(376200,4699555)
L(R:DT67-DT80);(376065,4699552);(376065,4699552)
L(R:DT12-DT81);(376035,4699551);(376035,4699551)
L(R:DT44-DT72);(376020,4699551);(376020,4699551)
L(R:DT40-DT7);(376232,4699455);(376232,4699455)
L(R:DT34-DT35);(376310,4699501);(376310,4699501);(376310,4699501);(376310,4699516);(376310,4699516);(376310,4699516)
L(R:DT33-DT34);(376292,4699456);(376292,4699456);(376292,4699456);(376307,4699457);(376311,4699457);(376311,4699471);(376311,4699486);(376310,4699501);(376310,4699501);(376310,4699501)
L(R:DT33-DT41);(376262,4699456);(376262,4699456);(376262,4699456);(376277,4699456);(376292,4699456);(376292,4699456);(376292,4699456)
L(R:DT41-DT7);(376232,4699455);(376232,4699455);(376232,4699455);(376247,4699455);(376262,4699456);(376262,4699456);(376262,4699456)
L(R:DT10-DT23);(376244,4699657);(376244,4699657);(376244,4699657);(376259,4699657);(376259,4699657);(376259,4699657)
L(R:DT23-DT6);(376229,4699657);(376229,4699657);(376229,4699657);(376244,4699657);(376244,4699657);(376244,4699657)
L(R:DT29-DT6);(376169,4699655);(376169,4699655);(376169,4699655);(376184,4699656);(376199,4699656);(376214,4699656);(376229,4699657);(376229,4699657);(376229,4699657)
L(R:DT29-DT3);(376154,4699655);(376154,4699655);(376154,4699655);(376169,4699655);(376169,4699655);(376169,4699655)
L(R:DT21-DT3);(376127,4699603);(376127,4699603);(376127,4699603);(376127,4699618);(376126,4699633);(376126,4699648);(376139,4699655);(376154,4699655);(376154,4699655);(376154,4699655)
L(R:DT21-DT4);(376127,4699603);(376127,4699603);(376127,4699603);(376127,4699618);(376126,4699633);(376126,4699648);(376124,4699654);(376126,4699663);(376125,4699678);(376125,4699678);(376125,4699678)
L(R:DT11-DT21);(376127,4699588);(376127,4699588);(376127,4699588);(376127,4699603);(376127,4699603);(376127,4699603)
L(R:DT11-DT43);(376127,4699573);(376127,4699573);(376127,4699573);(376127,4699588);(376127,4699588);(376127,4699588)
L(R:DT43-DT71);(376110,4699553);(376110,4699553);(376110,4699553);(376125,4699553);(376128,4699558);(376127,4699573);(376127,4699573);(376127,4699573)
L(R:DT69-DT71);(376095,4699553);(376095,4699553);(376095,4699553);(376110,4699553);(376110,4699553);(376110,4699553)
L(R:DT67-DT69);(376065,4699552);(376065,4699552);(376065,4699552);(376080,4699552);(376095,4699553);(376095,4699553);(376095,4699553)
L(R:DT67-DT68);(376050,4699552);(376050,4699552);(376050,4699552);(376065,4699552);(376065,4699552);(376065,4699552)
L(R:DT12-DT68);(376035,4699551);(376035,4699551);(376035,4699551);(376050,4699552);(376050,4699552);(376050,4699552)
L(R:DT12-DT44);(376020,4699551);(376020,4699551);(376020,4699551);(376035,4699551);(376035,4699551);(376035,4699551)
L(R:DT44-DT46);(375975,4699550);(375975,4699550);(375975,4699550);(375990,4699550);(376005,4699551);(376020,4699551);(376020,4699551);(376020,4699551)
L(R:DT1-DT46);(375946,4699520);(375946,4699520);(375946,4699520);(375946,4699535);(375960,4699549);(375975,4699550);(375975,4699550);(375975,4699550)
L(R:DT13-DT16);(375989,4699651);(375989,4699651);(375989,4699651);(376004,4699651);(376019,4699652);(376019,4699652);(376019,4699652)
L(R:DT15-DT16);(375959,4699650);(375959,4699650);(375959,4699650);(375974,4699651);(375989,4699651);(375989,4699651);(375989,4699651)
L(R:DT14-DT15);(375945,4699580);(375945,4699580);(375945,4699580);(375945,4699595);(375944,4699610);(375944,4699625);(375944,4699640);(375944,4699650);(375959,4699650);(375959,4699650);(375959,4699650)
L(R:DT14-DT47);(375945,4699565);(375945,4699565);(375945,4699565);(375945,4699580);(375945,4699580);(375945,4699580)
L(R:DT1-DT47);(375946,4699520);(375946,4699520);(375946,4699520);(375946,4699535);(375945,4699550);(375945,4699565);(375945,4699565);(375945,4699565)
L(R:DT0-DT1);(375946,4699490);(375946,4699490);(375946,4699490);(375946,4699505);(375946,4699520);(375946,4699520);(375946,4699520)
L(R:DT28-DT65);(376007,4699451);(376007,4699451);(376007,4699451);(376022,4699451);(376022,4699451);(376022,4699451)
L(R:DT0-DT65);(375946,4699490);(375946,4699490);(375946,4699490);(375947,4699475);(375947,4699460);(375947,4699449);(375962,4699450);(375977,4699450);(375992,4699450);(376007,4699451);(376007,4699451);(376007,4699451)
L(R:DT0-sub_6271173a-9d78-4b65-96e8-a680e4caea0e_12.47);(375918,4699532);(375918,4699531);(375918,4699531);(375947,4699449);(375947,4699460);(375947,4699475);(375946,4699490);(375946,4699490);(375946,4699490)
L(R:106289641_0-DT0LV);(375946,4699490);(375965,4699494)
L(R:106289642_1-DT1LV);(375946,4699520);(375965,4699518)
L(R:542938099_2-DT12LV);(376035,4699551);(376037,4699563)
L(R:542938097_0-DT11LV);(376127,4699588);(376138,4699587)
L(R:535644227_7-DM14);(376214,4699656);(376221,4699638)
L(R:549989606_8-DM14);(376214,4699656);(376211,4699667)
L(R:DM14-DT6LV);(376229,4699657);(376229,4699657);(376229,4699657);(376214,4699656);(376214,4699656);(376214,4699656)
L(R:542938096_7-DM15);(376244,4699657);(376245,4699646)
L(R:DM15-DT6LV);(376229,4699657);(376229,4699657);(376229,4699657);(376244,4699657);(376244,4699657);(376244,4699657)
L(R:548357126_0-DT18LV);(376289,4699658);(376289,4699648)
L(R:548402826_2-DT18LV);(376289,4699658);(376285,4699671)
L(R:549934791_2-DM33);(376274,4699658);(376271,4699671)
L(R:DM33-DT18LV);(376289,4699658);(376289,4699658);(376289,4699658);(376274,4699658);(376274,4699658);(376274,4699658)
L(R:549934795_1-DT8LV);(376246,4699753);(376247,4699740)
L(R:542938090_0-DM19);(376261,4699753);(376259,4699741)
L(R:542938089_9-DM18);(376231,4699752);(376234,4699742)
L(R:DM18-DM19);(376261,4699753);(376231,4699752);(376231,4699752);(376231,4699752)
L(R:DM19-DT8LV);(376246,4699753);(376246,4699753);(376246,4699753);(376261,4699753);(376261,4699753);(376261,4699753)
L(R:DT45-DT8);(376307,4699711);(376307,4699711);(376307,4699711);(376291,4699754);(376276,4699754);(376261,4699753);(376246,4699753);(376246,4699753);(376246,4699753)
L(R:DT18-DT45);(376289,4699658);(376289,4699658);(376289,4699658);(376304,4699658);(376307,4699666);(376307,4699681);(376307,4699696);(376307,4699711);(376307,4699711);(376307,4699711)
L(R:DT18-DT9);(376274,4699658);(376274,4699658);(376274,4699658);(376289,4699658);(376289,4699658);(376289,4699658)
L(R:DT10-DT9);(376259,4699657);(376259,4699657);(376259,4699657);(376274,4699658);(376274,4699658);(376274,4699658)
L(R:12600000_24-DT4LV);(376125,4699678);(376135,4699675)
L(R:106693735_3-DM9);(376125,4699693);(376116,4699691)
L(R:549989601_0-DM9);(376125,4699693);(376135,4699694)
L(R:DM9-DT4LV);(376125,4699678);(376125,4699678);(376125,4699678);(376125,4699693);(376125,4699693);(376125,4699693)
L(R:106693739_3-DM10);(376109,4699654);(376106,4699663)
L(R:DM10-DT4LV);(376125,4699678);(376125,4699678);(376125,4699678);(376126,4699663);(376124,4699654);(376109,4699654);(376109,4699654);(376109,4699654)
L(R:549934805_2-DT25LV);(376171,4699751);(376174,4699742)
L(R:DT25-DT61);(376124,4699738);(376124,4699738);(376124,4699738);(376111,4699749);(376171,4699751);(376171,4699751);(376171,4699751)
L(R:542939243_11-DT17LV);(376006,4699747);(376011,4699734)
L(R:549989596_15-DT26LV);(375991,4699746);(375994,4699732)
L(R:DT17-DT26);(376006,4699747);(376006,4699747);(376006,4699747);(375991,4699746);(375991,4699746);(375991,4699746)
L(R:DT17-DT63);(376081,4699749);(376081,4699749);(376081,4699749);(376006,4699747);(376006,4699747);(376006,4699747)
L(R:548398925_0-DT20LV);(376036,4699748);(376034,4699735)
L(R:548398924_1-DM35);(376051,4699748);(376051,4699734)
L(R:DM35-DT20LV);(376036,4699748);(376036,4699748);(376036,4699748);(376051,4699748);(376051,4699748);(376051,4699748)
L(R:DT20-DT63);(376081,4699749);(376081,4699749);(376081,4699749);(376066,4699748);(376051,4699748);(376036,4699748);(376036,4699748);(376036,4699748)
L(R:DT62-DT63);(376096,4699749);(376096,4699749);(376096,4699749);(376081,4699749);(376081,4699749);(376081,4699749)
L(R:DT61-DT62);(376124,4699738);(376124,4699738);(376124,4699738);(376096,4699749);(376096,4699749);(376096,4699749)
L(R:DT32-DT61);(376125,4699693);(376125,4699693);(376125,4699693);(376125,4699708);(376125,4699723);(376124,4699738);(376124,4699738);(376124,4699738)
L(R:DT32-DT4);(376125,4699678);(376125,4699678);(376125,4699678);(376125,4699693);(376125,4699693);(376125,4699693)
L(R:548398899_2U-DT55);(376230,4699556);(376229,4699568)
L(R:17_0U-DT36);(376275,4699557);(376275,4699557);(376275,4699557);(376290,4699557);(376290,4699557);(376288,4699545)
L(R:31_2U-DT57);(376309,4699606);(376309,4699606);(376309,4699606);(376308,4699621);(376308,4699621);(376296,4699618)
L(R:DT57-DT79);(376309,4699591);(376309,4699591);(376309,4699591);(376309,4699606);(376309,4699606);(376309,4699606)
L(R:DT60-DT79);(376309,4699576);(376309,4699576);(376309,4699576);(376309,4699591);(376309,4699591);(376309,4699591)
L(R:DT36-DT60);(376275,4699557);(376275,4699557);(376275,4699557);(376290,4699557);(376305,4699558);(376309,4699561);(376309,4699576);(376309,4699576);(376309,4699576)
L(R:DT36-DT58);(376260,4699556);(376260,4699556);(376260,4699556);(376275,4699557);(376275,4699557);(376275,4699557)
L(R:DT54-DT58);(376245,4699556);(376245,4699556);(376245,4699556);(376260,4699556);(376260,4699556);(376260,4699556)
L(R:DT54-DT55);(376230,4699556);(376230,4699556);(376230,4699556);(376245,4699556);(376245,4699556);(376245,4699556)
L(R:DT55-DT56);(376215,4699555);(376215,4699555);(376215,4699555);(376230,4699556);(376230,4699556);(376230,4699556)
L(R:DT53-DT56);(376200,4699555);(376200,4699555);(376200,4699555);(376215,4699555);(376215,4699555);(376215,4699555)
L(R:DT5-DT53);(376185,4699555);(376185,4699555);(376185,4699555);(376200,4699555);(376200,4699555);(376200,4699555)
L(R:DT5-DT78);(376170,4699554);(376170,4699554);(376170,4699554);(376185,4699555);(376185,4699555);(376185,4699555)
L(R:DT50-DT78);(376155,4699554);(376155,4699554);(376155,4699554);(376170,4699554);(376170,4699554);(376170,4699554)
L(R:DT50-DT71);(376110,4699553);(376110,4699553);(376110,4699553);(376125,4699553);(376128,4699558);(376140,4699554);(376155,4699554);(376155,4699554);(376155,4699554)
L(R:12900000_2-DT14LV);(375945,4699580);(375976,4699584)
L(R:542938109_0-DT15LV);(375959,4699650);(375955,4699641)
L(R:542939242_3-DT16LV);(375989,4699651);(375988,4699663)
L(R:542938103_6-DT13LV);(376019,4699652);(376014,4699639)
L(R:12200000_1-DT13LV);(376019,4699652);(376024,4699666)
L(R:106693726_0-DT2LV);(376079,4699653);(376077,4699664)
L(R:106693710_1-DM4);(376094,4699653);(376094,4699664)
L(R:548402418_13-DM4);(376094,4699653);(376092,4699645)
L(R:106297261_3-DM3);(376064,4699653);(376064,4699665)
L(R:106289647_2-DM2);(376049,4699652);(376050,4699664)
L(R:548398908_7-DM2);(376049,4699652);(376051,4699627)
L(R:DM2-DM3);(376064,4699653);(376064,4699653);(376064,4699653);(376049,4699652);(376049,4699652);(376049,4699652)
L(R:DM3-DM4);(376094,4699653);(376094,4699653);(376094,4699653);(376079,4699653);(376064,4699653);(376064,4699653);(376064,4699653)
L(R:DM4-DT2LV);(376079,4699653);(376079,4699653);(376079,4699653);(376094,4699653);(376094,4699653);(376094,4699653)
L(R:DT13-DT2);(376019,4699652);(376019,4699652);(376019,4699652);(376034,4699652);(376049,4699652);(376064,4699653);(376079,4699653);(376079,4699653);(376079,4699653)
L(R:12400000_0-DT31LV);(375943,4699730);(375953,4699730)
L(R:DT19-DT31);(375944,4699670);(375944,4699670);(375944,4699670);(375943,4699685);(375943,4699700);(375943,4699715);(375943,4699730);(375943,4699730);(375943,4699730)
L(R:DT15-DT19);(375959,4699650);(375959,4699650);(375959,4699650);(375944,4699650);(375944,4699655);(375944,4699670);(375944,4699670);(375944,4699670)
L(R:96_0U-DT70);(376129,4699513);(376141,4699515)
L(R:DT48-DT70);(376129,4699498);(376129,4699498);(376129,4699498);(376129,4699513);(376129,4699513);(376129,4699513)
L(R:DT48-DT49);(376129,4699483);(376129,4699483);(376129,4699483);(376129,4699498);(376129,4699498);(376129,4699498)
L(R:DT49-DT75);(376097,4699452);(376097,4699452);(376097,4699452);(376112,4699453);(376127,4699453);(376129,4699468);(376129,4699483);(376129,4699483);(376129,4699483)
L(R:540123657_1-DT7LV);(376232,4699455);(376239,4699467)
L(R:DT39-DT7);(376217,4699455);(376217,4699455);(376217,4699455);(376232,4699455);(376232,4699455);(376232,4699455)
L(R:DT38-DT39);(376202,4699454);(376202,4699454);(376202,4699454);(376217,4699455);(376217,4699455);(376217,4699455)
L(R:DT37-DT38);(376187,4699454);(376187,4699454);(376187,4699454);(376202,4699454);(376202,4699454);(376202,4699454)
L(R:DT37-DT76);(376172,4699454);(376172,4699454);(376172,4699454);(376187,4699454);(376187,4699454);(376187,4699454)
L(R:DT75-DT76);(376097,4699452);(376097,4699452);(376097,4699452);(376112,4699453);(376127,4699453);(376142,4699453);(376157,4699454);(376172,4699454);(376172,4699454);(376172,4699454)
L(R:DT74-DT75);(376082,4699452);(376082,4699452);(376082,4699452);(376097,4699452);(376097,4699452);(376097,4699452)
L(R:DT74-DT77);(376067,4699452);(376067,4699452);(376067,4699452);(376082,4699452);(376082,4699452);(376082,4699452)
L(R:DT66-DT77);(376052,4699452);(376052,4699452);(376052,4699452);(376067,4699452);(376067,4699452);(376067,4699452)
L(R:DT28-DT66);(376022,4699451);(376022,4699451);(376022,4699451);(376037,4699451);(376052,4699452);(376052,4699452);(376052,4699452)
L(R:DT70-DT71);(376110,4699553);(376110,4699553);(376110,4699553);(376125,4699553);(376128,4699543);(376128,4699528);(376129,4699513);(376129,4699513);(376129,4699513)
L(R:31_2U-DT18);(376289,4699658);(376289,4699658);(376289,4699658);(376304,4699658);(376308,4699651);(376308,4699636);(376308,4699621);(376308,4699621);(376296,4699618)
L(R:DT2-DT4);(376079,4699653);(376079,4699653);(376079,4699653);(376094,4699653);(376109,4699654);(376124,4699654);(376126,4699663);(376125,4699678);(376125,4699678);(376125,4699678)
